














1706813
1907064
2010339
1806359
1907270
1907166
2013057
2002614
2012956
1906805
2002170
1907219
1803143
2002764
1806357
1907447
1803475
1907155
1906617
1806354
1706813
1907064
2010339
1806359
1907270
1806360
1907166
1605295
2002614
1906805
2002170
1707644
1907219
1803143
2002764
1806357
1907447
1803583
1803475
1802745
1907064
1806359
1806360
1907166
1605295
1906805
1803143
1604808
1303401
1806357
1706562
1907447
1708129
1708010
1803583
1803475
1707332
1907155
1906617
1503110
1706813
1906682
1907064
1806359
1907270
1806360
1907166
1605295
1907098
1906805
1707644
1907219
1803143
1604808
1303401
1806357
1603289
1706562
1907447
1708129
1706813
1806359
1806360
1605295
1402326
1707644
1803143
1604648
1604808
1303401
1806357
1603289
1706562
1708129
1604744
1202220
1202216
1605268
1708010
1803583
1706813
1502450
1806359
1303356
1806360
1605295
1402326
1707644
1604651
1803143
1604648
1303426
1604808
1303401
1806357
1603289
1706562
1708129
1604744
1202220
1706813
1502450
1303356
1605295
1402326
1707644
1604651
1604648
1303426
1604808
1402664
1303401
1103947
1603289
1706562
1708129
1604744
1202220
1202216
1605268
1706813
1009609
1502450
1605295
1402326
1402482
1707644
1604648
1303426
1604808
1402905
1402664
1603289
1706562
1708129
1604744
1202220
1202216
1605268
1708010
1605295
1604648
1604808
1603289
1604744
1605268
1605351
1604706
1602687
1603086
1605100
1604869
1603083
1602734
1605150
1009609
1103428
1302766
1502450
1303356
1605295
1402326
1402482
1007103
1201155
1004804
1604651
1004867
1604648
1201285
1402387
1303426
1604808
1402905
1402664
0908729
1009609
1103428
1302766
1502450
1006888
1303356
1103954
1302858
1004844
1402326
1402482
1007103
1201155
1004804
1004867
1004865
1201285
1402387
1303426
0908729
1009609
1103428
1302766
1502450
1006888
1303356
1201082
1103954
1302858
1101128
1201068
1004844
1402326
1402482
0907986
1007103
1201155
0809027
1004804
0907618
1007130
0908298
0908729
1009609
1201071
1103428
1302766
0800784
1102716
1006888
1303356
0808255
0706959
1201082
1104027
1008971
0808980
1103954
1302858
0907618
0807912
1009616
0800782
1004806
1007130
0908298
0908729
1009609
1201071
1103428
1302766
1102716
1006888
1303356
1201082
1009683
1104027
1008971
0808980
0907618
0807912
1009616
0800782
1004806
1007130
0908298
0908729
1009609
1201071
1004863
1103428
0908937
1302766
1007283
0800784
1102716
1006888
1303356
0808255
1009496
1007130
1009609
1201071
1004863
1103428
1302766
1007283
1102716
1006888
1303356
1201082
1104027
1008971
1102686
1103954
1302858
1202222
1004805
1101128
0907618
054297
039796
1009496
0807912
056256
049800
989847
056848
0800782
1004806
0706806
039715
1007130
0908298
039782
0908729
1009609
1201071
056543
0706971
0907618
054297
039796
1009496
0807912
056256
049800
989847
056848
1009616
0800782
1004806
0706806
039715
1007130
0908298
039782
0908729
1009609
0706971
0907618
054297
039796
1009496
0807912
056256
049800
989847
056848
1009616
0800782
1004806
0706806
039715
1007130
0908298
039782
0908729
1009609
056524
0706971
0907618
054297
039796
1009496
0807912
056256
049800
989847
056848
1009616
0800782
1004806
0706806
039715
1007130
0908298
039782
0707289
056524
0706971
0907618
054297
039796
1009496
0807912
056256
049800
989847
056848
1009616
0800782
1004806
0706806
039715
1007130
0908298
039782
0707289
056524
0706971
0907618
054297
039796
1009496
0807912
056256
049800
989847
056848
1009616
0800782
1004806
0706806
039715
1007130
0908298
039782
0707289
056524
0706971
0907618
054297
039796
0807912
056256
049800
989847
056848
0800782
0706806
039715
0908298
039782
0707289
0908729
056543
029763
055856
056524
0706971
0907618
039796
0807912
989847
056848
0800782
0706806
039715
0908298
039782
0707289
0908729
056543
029763
055856
0908936
054283
0908937
1707177
1503058
1707000
1803440
1605343
1303414
1803311
1803244
1604709
1707369
1605372
1502893
1402575
1402924
1502658
1503135
2002145
2002682
1605284
1906471
1303323
1707177
1503058
1707000
1803440
1605343
1303353
1303414
1803311
1803244
1604709
1707369
1605372
1502893
1402575
1402924
1502658
1503135
2002145
2002682
1303323
1707000
1803440
1605343
1303353
1303414
1803311
1803244
1604709
1707369
1502893
1402575
1503135
1605284
1906471
1707639
1906621
1907525
1402182
1605261
1303323
1707177
1503058
1707000
1202074
1803440
1605343
1303353
1303414
1803311
1803244
1604709
1201601
1707369
1605372
1402575
1402924
1503135
1906471
1707639
1303323
1502287
1707177
1201652
1503058
1707000
1202074
1803440
1605343
1303353
1303414
1803311
1803244
1604709
1201601
1707369
1605372
1502982
1202066
1502893
1303323
1502287
1707177
1201652
1503058
1707000
1803440
1605343
1303353
1303414
1803311
1803244
1604709
1201601
1707369
1605372
1502982
1202066
1402185
1502893
1303323
1502287
1707177
1201652
1503058
1707000
1605343
1303353
1303414
1604709
1201601
1707369
1605372
1502982
1202066
1402185
1502893
1402575
1402924
1502658
1303323
1502287
1707177
1201652
1402892
1707000
1202074
1605343
1303353
1303414
1101607
1604709
1201601
1707369
1605372
1502982
1202066
1402185
1502893
1402575
1303323
1605343
1604709
1605372
1605284
1602714
1605261
1605654
1602707
1503132
1602577
1605281
1604698
1602705
1605318
1602931
1603039
1602881
1608320
1303323
1502287
1201652
1503058
1402892
1201079
1202074
1605343
1007267
1303353
1303414
1101607
1604709
1201601
1107158
1605372
1502982
1202066
1402185
1502893
1303323
1502287
0907967
1201652
1503058
1402892
1201079
1202074
1007267
1303353
1303414
1101607
1201601
1107158
1201615
1502982
1202066
1402185
1502893
0907801
1303323
1502287
0907967
1201652
1503058
0907800
1402892
1201079
1202074
1007267
1303353
1303414
1101607
1201601
1107158
1201615
1502982
1202066
1402185
1502893
1303323
0800812
0907967
1201652
0907800
1402892
1201079
1202074
1007267
1303353
1303414
1101607
0908510
1201601
1107158
1201615
0800815
1202066
1402185
0907801
1303323
0800811
1101677
0907967
1201652
0807929
0907800
1402892
1201079
1202074
1007267
1303353
1303414
1101607
0908510
1201601
0807933
1107158
1201615
0800815
1303323
0800811
1101677
0800812
0907967
1201652
0807929
0907800
1007105
1201079
1202074
1007267
1303353
1303414
1101607
0908510
1201601
0807933
1107158
1009585
1303323
1101677
1201652
1007105
1201079
1202074
1007267
1303353
1303414
1101607
1201601
1107158
1009585
1201615
1005080
1202066
1202115
1006889
1008927
1202203
0800811
0703269
0809204
1101677
0800812
0907967
1201652
0807929
029775
999865
039809
0907800
0800813
0707169
1007105
1201079
1202074
1007267
029729
0800814
0800811
0703269
0809204
1101677
0800812
0907967
1201652
0807929
029775
999865
039809
0907800
0800813
0707169
1007105
1201079
0706279
1202074
1007267
029729
0800811
0703269
0809204
1101677
0800812
0907967
029775
0807929
999865
039809
0907800
0800813
0707169
1007105
0706279
1007267
029729
0800814
1101607
0707312
0800811
0703269
0809204
1101677
0800812
0907967
029775
0807929
999865
039809
0907800
0800813
0707169
1007105
0706279
1007267
019886
0800814
1101607
0707312
0800811
0703269
0809204
0800812
0907967
029775
0807929
999865
039809
0907800
0800813
0707169
1007105
0706279
1007267
019886
0800814
0707312
0808862
049762
0800811
0703269
0809204
0800812
0907967
029775
0807929
999865
039809
0907800
0800813
0707169
1007105
0706279
1007267
019886
0800814
0707312
0808862
049762
0800811
0703269
0809204
0800812
0907967
0807929
029775
999865
039809
0907800
0800813
0707169
0706279
019886
0800814
0707312
0808862
049762
0707047
055810
0800811
0703269
0809204
0800812
0907967
0807929
029775
999865
0907800
0800813
0707169
0706279
019886
0800814
0707312
0808862
049762
0707047
055810
0908510
1707517
1402261
1907420
1707728
1907532
1502404
1803278
1907132
1907327
1604847
1602573
1907005
1402333
1907008
1201500
1907110
1803285
1604864
2002077
2013139
1707517
1402261
1907420
1707728
1907532
1502404
1803278
1907132
1907327
1604847
1602573
1907005
1402333
1907008
1201500
1907110
1803285
1604864
2002077
2002197
1608401
1707517
1402261
1907420
1707728
1907532
1502404
1803278
1907132
1907327
1604847
1602573
1907005
1402333
1201080
1907008
1201500
1907110
1803285
1604864
1608401
1707517
1402261
1907420
1707728
1907532
1502404
1803278
1907132
1907327
1604847
1602573
1907005
1402333
1201080
1907008
1201500
1907110
1803285
1604864
1608401
1707517
1402261
1707728
1502404
1803278
1604847
1602573
1402333
1107295
1201080
1201500
1803285
1604864
1201499
1706731
1802926
1803119
1503149
1707833
1608401
1707517
1402261
1707728
1803123
1502404
1803278
1604847
1602573
1402333
1107295
1201080
1201500
1803285
1604864
1201499
1706731
1802926
1803119
1503149
1608401
1707517
1402261
1707728
1202208
1502404
1604847
1602573
1402333
1107295
1201080
1201500
1604864
1201499
1706731
1503149
1707833
1402903
1707720
1402320
1608401
1707517
1402261
1707728
1202208
1502404
1604847
1602573
1402333
1107295
1201500
1604864
1201499
1706731
1503149
1707833
1402903
1707720
1402320
1502550
1608401
1604847
1602573
1604864
1602990
1608401
1402261
1202208
1502404
1604847
1602573
1402333
1107295
1201080
1201500
1604864
1201499
1503149
1402903
1402320
1201498
1502550
1402917
1201427
1602990
1402261
1202208
1502404
1402333
1107295
1201080
1201500
1201499
1503149
1402903
1201643
1402320
1201498
1502550
1402917
1201427
1201088
1402261
1202208
1502404
1402333
1107295
1201080
1201500
1201499
1503149
1402903
1201643
1402320
1201498
1502550
1402917
1201427
1201088
1402261
1202208
1201489
1402333
1107295
1201080
1201500
1201499
1402903
1201643
1402320
1201498
1402917
1201427
1201088
1402261
1202208
1201489
1402333
1107295
1302393
1201080
1201500
1201499
1402903
1201643
1402320
1201498
1402917
1201427
1201088
1202208
1201489
1107295
1302393
1201080
1201500
1201499
1201643
1201498
1201427
1201088
1202208
1201489
1107295
1302393
1201080
1201500
1201499
1201643
1201498
1201427
1201088
1202208
1201489
1107295
1201080
1201500
1201499
1201643
1201498
1201427
1201088
1202208
1201489
1107295
1201080
1201500
1201499
1201643
1201498
1201427
1201088
1107295
1107295
2002486
2002734
1608457
2002702
1605653
1604631
2002567
1914325
1910169
1910170
1914337
1808352
1707781
2010340
1907196
2002131
1707991
1803277
1502694
1706845
2002486
2002734
1608457
2002702
1605653
1604631
2002567
1602624
1914325
1910169
1910170
1914337
1707752
1808352
1707781
2010340
1907196
2002131
1707991
1803277
1608457
1605653
1604631
1914325
1910169
1910170
1914337
1707752
1808352
1707781
1907196
1707991
1803277
1502694
1706845
1706491
1914322
1808740
1802934
1202241
1608457
1707535
1605653
1602624
1910169
1708152
1910170
1602918
1707752
1808352
1707781
1907196
1707991
1803277
1503403
1502694
1706845
1706491
1603089
1808740
1608457
1707535
1605653
1604631
1602624
1708152
1602918
1608465
1707752
1808352
1707781
1707991
1803277
1503403
1502694
1602983
1706845
1706491
1603089
1808740
1608457
1707535
1605653
1604631
1602624
1708152
1602918
1608465
1707752
1808352
1707781
1707991
1803277
1503403
1502694
1602983
1706845
1706491
1603089
1802934
1608457
1707535
1605653
1604631
1602624
1708152
1602918
1608465
1707752
1707781
1707991
1308206
1503403
1502694
1602983
1706845
1706491
1603089
1202241
1605359
1608457
1707535
1605653
1604631
1602624
1708152
1602918
1608465
1707752
1707781
1707991
1308206
1503403
1502694
1602983
1706845
1706491
1603089
1605359
1608452
1608457
1605653
1604631
1602624
1602918
1608465
1503403
1602983
1603089
1605359
1608452
1605152
1604810
1608462
1302514
1602659
1608463
1608461
1603198
1602658
1303238
1605653
1604631
1602624
1602918
1308206
1503403
1502694
1602983
1603089
1202241
1605359
1605152
1604810
1303193
1308211
1302514
1504890
1201211
1308213
1303238
1308206
1503403
1502694
1202241
1303193
1308211
1302514
1504890
1201211
1308213
1202158
1302398
1502839
1201215
1302196
1202095
1402541
1502462
1202192
1303238
1308206
1503403
1502694
1202241
1303193
1308211
1302514
1504890
1201211
1308213
1202158
1302398
1502839
1201215
1302196
1202095
1402541
1502462
1202192
1303238
1308206
1202241
1303193
1308211
1303379
1302514
1201211
1308213
1202158
1302398
1303190
1201215
1302196
1202095
1402541
1202192
1303160
1302615
1107305
1303238
1107296
1308206
1202241
1303193
1308211
1303379
1302514
1201211
1308213
1202158
1302398
1303190
1201215
1302196
1202095
1402541
1202192
1303160
1302615
1102698
1303238
1107296
1308206
1201618
1202241
1303193
1308211
1303379
1302514
1201211
1308213
1202158
1302398
1303190
1201215
1107271
1302196
1202095
1202192
1102698
1303238
1107296
1308206
1201618
1202241
1303193
1308211
1303379
1302514
1201211
1308213
1202158
1302398
1303190
1201215
1107271
1302196
1202095
1202192
1102698
1107296
1201618
1202241
1201211
1202158
1201215
1107271
1202095
1202192
1107305
1202103
1107425
1201560
1201515
1202233
1103370
1107306
1201561
1103983
1201618
1102698
1107296
1107271
1107305
1107425
1103370
1107306
1103983
1104486
1104015
1102698
1107296
1107271
1107305
1107425
1103370
1107306
1103983
1104486
1104015
1914309
1604705
1605350
1708013
1906401
1605139
1802632
1503039
1602952
1706819
1603116
2002557
1502361
2010377
1803424
1906511
1907316
1907167
1707268
1907284
1402534
1914309
1604705
1605350
1503183
1708013
1906401
1605139
1802632
1503039
1602952
1706819
1603116
2002557
1502361
2010377
1803263
1803424
1906511
1907316
1402534
1402948
1914309
1604705
1605350
1503183
1708013
1906401
1605139
1802632
1503039
1602952
1706819
1201631
1603116
1502361
1302248
1803424
1906511
1907316
1402534
1604705
1605350
1503183
1907382
1708013
1906401
1605139
1802632
1503039
1602952
1706819
1603116
1502361
1302248
1803263
1803424
1906511
1402540
1907316
1402534
1104056
1604705
1605350
1503183
1201074
1708013
1605139
1802632
1503039
1602952
1706819
1201631
1603116
1502361
1302248
1803263
1803424
1402540
1707268
1402534
1402948
1104056
1604705
1605350
1503183
1201074
1708013
1605139
1802632
1503039
1602952
1706819
1201631
1603116
1502361
1302248
1803263
1803424
1402540
1402534
1402948
1104056
1604705
1605350
1503183
1201074
1708013
1605139
1503039
1602952
1706819
1201631
1603116
1502361
1302248
1402540
1707268
1104019
1502929
1402534
1402948
1604705
1605350
1503183
1708013
1605139
1503039
1602952
1706819
1201631
1603116
1502361
1302248
1402540
1707268
1502929
1201217
1706830
1707697
1604705
1605350
1605139
1602952
1603116
1608314
1603322
1604634
1302353
1604624
1605309
1605323
1605155
1603304
1402534
1402948
1104056
1604705
1605350
1503183
1201074
1605139
1503039
1602952
1201631
1603116
1502361
1302248
1006976
1608314
1402540
1104019
1502929
1201217
1402534
1402948
1104056
1503183
1201074
1503039
1201631
1502361
1302248
1006976
1402540
1104019
1502929
1201217
1103419
1103323
1201342
1303148
1503038
1502707
1402534
1402948
1104056
1503183
1201074
1503039
1201631
1005087
1502361
1302248
1006976
1402540
1104019
1502929
1201217
1006907
1103419
1103323
1201342
1303148
1402534
1402948
1104056
0907575
1201074
1201631
1005087
0908077
1302248
1006976
1402540
0908041
1104019
0907937
0908127
1201217
1006975
1006907
1103419
1103323
1402534
1402948
1104056
0907575
1201074
1010272
1201631
1005087
0908077
1302248
1006976
1402540
1010267
0908041
1104019
0907937
0908127
1201217
1006975
1006907
1104056
0907575
1201074
1010272
1201631
1005087
0908077
1302248
1006976
1103761
1008882
1010267
0908041
1104019
0907937
0908127
1201217
1006975
1006907
1009672
1104056
1201074
1007108
1201631
1005087
1302248
1006976
1103761
1008882
1010267
1104019
1201217
1006975
1006907
1009672
1103419
1103323
1201342
1303148
1102257
0807983
1104056
0907575
1201074
1007108
009815
1201631
1005087
0908077
0908976
0907588
1006976
039748
1103761
1008882
056069
1010267
0908041
1104019
019841
0807983
1104056
0705763
0907575
1201074
1010272
0707368
1007108
009815
0706785
1201631
1005087
0908077
0908976
0907588
1006976
039748
1103761
1008882
056069
0807983
1104056
0705763
0907575
1010272
0707368
1007108
009815
0706785
0807984
1005087
0908077
0908976
0907588
1006976
039748
1103761
1008882
056069
1010267
0807983
1104056
0705763
0907575
1010272
0707368
0604732
0705333
1007108
009815
0908724
0706785
0807984
1005087
0908077
0908976
0706681
0907588
1006976
039748
0807983
0705763
0907575
1010272
0707368
056485
0604732
0705333
1007108
009815
0908724
0706785
0807984
1005087
019820
0908077
0908976
0706681
0907588
1006976
0807983
0705763
0907575
1010272
0707368
056485
0604732
0705333
1007108
009815
0908724
0706785
0807984
1005087
019820
0908077
0908976
0706681
0907588
1006976
0807983
0705763
0907575
0707368
056485
0604732
0705333
0908724
009815
0706785
0807984
019820
0908077
0908976
0706681
0907588
039748
039775
056069
0908041
0807983
0705763
0907575
0707368
056485
0604732
0705333
0908724
009815
0706785
0807984
019820
0908077
0908976
0706681
0907588
039775
0908041
019841
029760
1402263
1907518
1706338
1706561
2010378
1806355
1602697
1602947
1803412
1906498
1910082
1906830
1907574
1803463
1706482
2010345
1502504
1907029
1803190
1803198
1402263
1907518
1706338
1706561
2010378
1806355
1602697
1602947
1803412
1906498
1603335
1910082
1906830
1907574
1803463
1706482
2010345
1907178
1502650
1502504
1402263
1907518
1706338
1706561
1806355
1201371
1602697
1605652
1602947
1803412
1906498
1910082
1906830
1907574
1706482
1907178
1201520
1907029
1808723
1402868
1402263
1907518
1706338
1706561
1806355
1201371
1503151
1602697
1605652
1803412
1201075
1906498
1603335
1910082
1906830
1907574
1803463
1706482
1907178
1502504
1402263
1706338
1706561
1806355
1201371
1503151
1602697
1605652
1602947
1803412
1201075
1603335
1602788
1202123
1803463
1502674
1706482
1502650
1201520
1502504
1402263
1706338
1706561
1806355
1103237
1201371
1503151
1602697
1605652
1602947
1803412
1201075
1603335
1602788
1202123
1803463
1502674
1706482
1502650
1201520
1402263
1402392
1706338
1706561
1103237
1201371
1503151
1602697
1605652
1602947
1201075
1603335
1402694
1602788
1202123
1502674
1706482
1502650
1201520
1502504
1402263
1201091
1402392
1706338
1706561
1007153
1201371
1503151
1007284
1602697
1605652
1602947
1603335
1402694
1602788
1202123
1502674
1706482
1502650
1502504
1602697
1605652
1602947
1603335
1602788
1502504
1605247
1503266
1603014
1605243
1402263
1201091
1402392
1107161
1007153
1103237
1201371
1503151
1007284
1602697
1007285
1605652
1602947
1201075
1603335
1402694
1602788
1202123
1101231
1502674
1402263
1201091
1402392
1107161
1007153
1103237
1201371
1503151
1007284
1007285
1201075
1402694
1202123
1101231
1502674
1502650
1201520
1502504
1402868
1502486
1402263
1201091
1402392
1107161
1007153
1103237
1201371
1503151
1007284
1007285
1201075
1402694
1202123
1101231
1502674
1502650
0907941
1201520
1502504
1402868
1402263
1201091
1402392
1107161
1007153
1103237
1005090
1201371
0708533
1007284
1007285
1201075
1402694
1202123
1101231
0907941
1201520
1402868
1403050
1202021
1005088
1402263
1201091
1402392
1107161
1007153
1103237
1201371
1007284
1007285
1201075
1402694
1202123
1101231
0907941
1201520
1009608
1402868
0708283
1403050
1005088
1201091
1107161
1007153
1103237
1005090
1201371
1007284
1007285
1201075
1202123
1101231
0907941
1201520
1009608
0708283
1202185
1202021
1303200
0907794
1005088
1201091
1107161
1007153
1103237
1005090
1201371
1007284
1007285
1201075
1202123
1101231
1201520
1009608
1202185
1202021
1303200
1005012
1102694
1006910
1005088
1201091
1107161
1007153
1103237
1005090
1201371
0708533
1007284
1007285
1201075
1202123
1101231
0907941
1201520
1009608
055727
0706382
0708283
0706248
1005088
0706089
1201091
1107161
1007153
1103237
1005090
1201371
0708533
1007284
1007285
1201075
1202123
1101231
0907941
1201520
1009608
055727
0706382
0708283
1005088
0706089
1107161
1007153
1103237
1005090
0708533
1007284
1007285
1101231
0907941
1009608
055727
0706382
0708283
0706781
0706248
0604590
0705330
0907794
1005088
0706089
049722
1107161
1007153
1103237
1005090
0708533
1007284
1007285
049712
1101231
0907941
1009608
055727
0706382
0708283
0706781
049741
0706248
1005088
0706089
049722
1007153
1005090
0708533
1007284
1007285
049712
0907941
1009608
055727
0706382
0708283
0706781
049741
0706248
0604590
0705330
0907794
1005088
0706089
049722
1007153
1005090
0708533
1007284
1007285
049712
0907941
1009608
055727
0706382
0708283
0706781
049741
0706248
0604590
0705330
0907794
0706089
049722
0708533
049712
0907941
055727
0706382
0708283
0706781
049741
0706248
0604590
0705330
0907794
0604741
0908511
049763
0706945
055786
0808913
0706089
049722
0708533
049712
0907941
055727
0706382
0708283
0706781
049741
0706248
0604590
0705330
0907794
0604741
0908511
049763
0706945
055786
0808913
1602682
1707541
1906550
1802714
1906650
1503316
1803504
1909923
1707741
1907299
1907343
2002607
1605326
1503100
1803522
1906718
1608317
1803510
1906551
2012949
1602682
1906550
1802714
1906650
1707402
1503316
1803504
1909923
1707741
1907299
1907343
2002607
1605326
1503100
1803522
1906718
1608317
1803510
1906551
1907081
1602682
1906550
1802714
1906650
1707402
1503316
1803504
1909923
1707741
1907299
1907343
1605326
1503100
1803522
1906718
1608317
1803510
1906551
1907081
1907431
1602682
1803602
1707541
1906550
1802714
1906650
1707402
1803504
1909923
1907299
1907343
1605326
1303285
1503100
1803522
1906718
1608317
1803510
1906551
1907081
1602682
1803602
1707541
1802714
1707402
1503316
1803504
1707741
1605326
1303285
1503100
1803522
1608317
1803510
1402462
1707580
1707526
1503049
1707736
1502994
1602682
1803602
1707541
1802714
1502911
1707402
1503316
1803504
1707741
1605326
1303285
1503100
1803522
1608317
1803510
1402462
1707580
1707526
1503049
1707736
1602682
1707541
1502911
1707402
1503316
1707741
1302757
1605326
1303285
1503100
1608317
1402462
1707580
1707526
1503049
1707736
1502994
1707714
1604845
1707246
1602682
1707541
1502911
1707402
1503316
1707741
1605326
1303285
1503100
1608317
1707916
1707580
1707526
1503049
1707736
1502994
1707714
1604845
1707246
1303093
1602682
1605326
1608317
1604845
1602787
1602911
1402901
1302603
1602835
1605344
1604786
1602682
1502911
1503316
1302757
1605326
1303285
1503100
1608317
1402462
1503049
1502994
1402087
1302827
1604845
1303093
1602787
1503284
1602911
1303208
1303408
1502911
1503316
1302757
1303285
1503100
1402462
1503049
1502994
1402087
1302827
1303093
1503284
1303208
1303408
1402901
1503018
1302657
1402668
1302603
1303207
1502911
1503316
1302757
1303285
1503100
1402462
1503049
1502994
1402087
1302827
1303093
1503284
1303208
1303408
1402901
1503018
1302657
1402668
1302603
1303207
1302757
1303285
1402462
1402087
1302827
1303093
1303208
1303408
1402901
1302657
1402668
1302603
1303207
1303177
1302438
1302667
1302271
1402659
1303380
1402476
1302981
1302757
1303285
1402462
1402087
1302827
1303093
1303208
1303408
1402901
1302657
1402668
1302603
1303207
1303177
1302438
1302667
1302271
1402659
1303380
1302981
1302757
1303285
1302827
1303093
1303208
1303408
1302657
1302603
1303207
1303177
1302438
1302667
1302271
1303380
1302841
1302981
1302757
1303285
1302827
1303093
1303208
1303408
1302657
1302603
1303207
1303177
1302438
1302667
1302271
1303380
1302841
1906953
1707579
1402799
1802498
1906398
1803550
1302219
1803514
2013250
1707359
1503066
1708004
1803069
1402906
1907256
1402607
1502798
1603234
1706979
1907485
1906953
1707579
1402799
1802498
1906398
1803550
1302219
1803514
1707359
1503066
1708004
1803069
1402906
1907256
1402607
1502798
1603234
1706979
1907485
1502352
1906953
1402799
1802498
1906398
1803550
1302219
1707359
1708004
1803069
1907256
1402607
1603234
1706979
1503061
1907485
1502352
1706423
1906953
1707579
1402799
1802498
1906398
1803550
1803514
1503066
1803069
1907256
1402607
1502798
1603234
1503061
1604844
1907485
1502352
1707579
1402799
1802498
1803550
1302219
1803514
1707359
1503066
1708004
1803069
1402906
1402607
1502798
1603234
1706979
1503061
1604844
1502352
1706423
1707579
1402799
1802498
1803550
1302219
1803514
1302898
1707359
1503066
1708004
1803069
1402906
1402607
1502798
1603234
1706979
1503061
1604844
1502352
1706423
1707579
1402799
1302219
1302898
1707359
1503066
1708004
1402906
1402607
1502798
1603234
1706979
1503061
1604844
1502352
1706423
1707579
1707915
1402799
1302219
1302898
1707359
1503066
1708004
1402607
1502798
1603234
1706979
1503061
1604844
1502352
1706423
1603234
1604844
1402799
1302219
1302898
1503066
1402906
1402607
1502798
1603234
1503061
1604844
1502352
1402799
1302219
1302898
1503066
1402906
1402607
1502798
1503061
1502352
1303005
1402799
1302219
1302898
1503066
1402906
1402607
1502798
1503061
1502352
1303005
1402799
1302219
1302898
1402906
1402607
1402494
1303005
1402799
1302219
1302898
1402906
1402607
1402494
1303005
1302219
1302898
1303005
1302219
1302898
1303005
1707420
1910062
1907066
2002206
1802973
1907119
2002326
1803033
1603199
1802974
1707420
1910062
1907066
2002206
1802973
1907119
2002326
1803033
1603199
1802974
1707420
1910062
1907066
1907119
1603199
1707420
1910062
1907066
1802973
1907119
1502628
1803033
1603199
1802974
1707420
1502643
1502642
1802973
1502628
1803033
1603199
1802974
1707420
1502643
1502642
1802973
1502628
1707524
1803033
1603199
1802974
1707420
1502643
1502642
1502628
1707524
1603199
1707420
1502643
1502642
1502628
1707524
1603199
1603199
1502643
1502642
1502628
1603199
1502643
1502642
1502628
1502643
1502642
1502628
1706594
1708146
1605319
1502762
1803643
1603142
1907124
1906392
1803214
2002290
1906811
1803557
1503160
1907383
1706611
1402850
2012896
1706856
1605338
2002048
1706594
1502417
1708146
1605319
1502762
1803643
1603221
1603142
1907124
1906392
1803214
2002290
1604674
1906811
1803557
1302184
1503160
1907383
1706611
1402850
1706594
1502417
1708146
1605319
1502762
1603213
1803643
1603221
1603142
1907124
1906392
1803214
1604674
1906811
1803557
1302184
1503160
1907383
1706611
1502426
1706594
1502417
1708146
1503377
1605319
1502762
1502924
1603213
1803643
1603221
1603142
1907124
1906392
1907241
1502286
1803214
1906811
1803557
1907059
1302184
1706594
1502417
1302913
1708146
1503377
1605319
1502762
1502924
1603213
1803643
1603221
1603142
1502286
1803214
1604674
1803557
1302184
1503160
1201411
1602921
1706594
1502417
1302913
1708146
1503377
1605319
1502762
1502924
1603213
1803643
1603221
1603142
1303219
1707800
1502286
1803214
1604674
1803557
1302184
1503160
1706594
1502417
1302913
1708146
1007295
1503377
1605319
1502762
1502924
1603213
1603221
1603142
1303219
1707800
1303396
1008953
1502286
1604674
1302184
1503160
1706594
1502417
1402720
1302913
1708146
1007295
1503377
1605319
1502762
1502924
1603213
1708108
1603221
1603142
1707800
1303396
1502286
1604674
1302184
1503160
1502417
1605319
1603213
1603221
1603142
1604674
1302184
1503160
1602921
1502426
1603148
1605338
1603013
1604794
1604682
1608258
1605366
1603050
1502252
1605118
1502417
0908445
1104512
1201077
1402720
1302913
1007295
1503377
1302903
1605319
1502762
1502924
1603213
1603221
1603142
1303219
1006977
1201247
1302633
1303396
1502417
0908445
1104512
1201077
1402720
1302913
1007295
1503377
1302903
1007367
1502762
1502924
1008848
1303219
0907607
1006977
1201247
1302633
1303396
1103762
1502417
0908445
1104512
1201077
1402720
1007292
1302913
1007295
1503377
1302903
1007367
1502762
1502924
1201353
1008848
1303219
0907607
1006977
1201247
1302633
0908445
1104512
1201077
1402720
0707089
1007292
1302913
1007295
1302903
1007367
1201353
1008848
1303219
0907607
1006977
1201247
1302633
0908170
0808640
1303396
0908445
1009589
1104512
0707240
1201077
1402720
1101201
1007292
1302913
1009605
0909465
1007295
1302903
1007367
1007054
1201353
1008848
1303219
0907607
1007235
0908445
1009589
1104512
0707240
1201077
1101201
0707089
1007292
1302913
1009605
0909465
1007295
1302903
1101227
1007367
1007054
1007162
1201353
1008848
1009604
1104512
1201077
1101201
1007292
1302913
1007295
1302903
1101227
1007367
1007054
1007162
1201353
1008848
1009604
1303219
1007235
1006977
1201247
1010451
1302633
049766
039710
0908445
1009589
1104512
0707240
1201077
1101201
0707089
1007292
1009605
009821
0909465
1007295
049702
039811
0805923
1101227
1007367
049772
049766
039710
0908445
1009589
1104512
0707240
1201077
1101201
0707089
1007292
1009605
009821
0909465
1007295
049702
039811
0805923
1101227
1007367
049772
049766
039710
0908445
1009589
1104512
0707240
1101201
0707089
1007292
1009605
009821
0909465
1007295
049702
039811
0805923
1101227
0809634
1007367
049772
049766
039710
0908445
1009589
1104512
0705331
0707240
1101201
0707089
1007292
1009605
009821
0909465
1007295
049702
039811
0805923
1101227
0809634
1007367
049766
039710
0908445
1009589
0705331
0707240
049789
0707089
1007292
1009605
009821
0909465
1007295
049702
039811
0805923
0809634
1007367
049772
1007054
029712
049766
039710
0908445
1009589
055863
0705331
0707240
049789
0707089
1007292
1009605
009821
0909465
1007295
049702
039811
0805923
0809634
1007367
029712
049766
039710
0908445
055863
0705331
0707240
049789
0707089
009821
0909465
049702
039811
0805923
0809634
049772
049806
0601895
055087
0907607
029712
039710
0908445
055863
0705331
0707240
049789
0707089
009821
0909465
039811
0805923
0809634
049806
0601895
055087
0907607
0708223
0604008
0603641
1604650
1907127
2002354
1907242
1907488
1707917
1402940
1907193
1706360
1603227
1707284
1906891
2002334
1907209
1707545
1806356
1707522
2013140
1706905
1906608
1604650
1907127
2002354
1907242
1907488
1707917
1402940
1907193
1706360
1603227
1707284
1906891
2002334
1907209
1707545
1806356
1707522
1706905
1906608
1906580
1604650
1907127
1402934
1907242
1907488
1707917
1907193
1706360
1603227
1707284
1906891
1907209
1707545
1806356
1707522
1706905
1906608
1906580
1706595
1907341
1604650
1603055
1907127
1402934
1402619
1907242
1907488
1707917
1402940
1907193
1706360
1603227
1707284
1906891
1707069
1907209
1707545
1806356
1707522
1706905
1604650
1502539
1603055
1402934
1402619
1707917
1502766
1707700
1706360
1603227
1707284
1707069
1707545
1806356
1707522
1706905
1706595
1603307
1803599
1708088
1604650
1502539
1603055
1402934
1402619
1608396
1707917
1402940
1502766
1707700
1706360
1603227
1707284
1707069
1707545
1806356
1707522
1706905
1706595
1603307
1604650
1502539
1603055
1402934
1402619
1707917
1502766
1707700
1706360
1603227
1707284
1707069
1707545
1707522
1706905
1706595
1603307
1708088
1503010
1707608
1604650
1502539
1603055
1402934
1402619
1707917
1402940
1502766
1707700
1706360
1603227
1707284
1707069
1707545
1707522
1706905
1706595
1603307
1707490
1708088
1604650
1603055
1603227
1603307
1603356
1604819
1604816
1604678
1603196
1605302
1602733
1602826
1604650
1009531
1502539
1603055
1402934
1402619
1608396
1402940
1502766
1608400
1603227
1603307
1303377
1503010
1007144
1608394
1608393
1302897
1402621
1603356
1202032
1009531
1502539
1402934
1402619
1402940
1502766
1007170
1007117
1008879
1007242
1303377
1503010
1007144
1006988
1302897
1402621
1503083
1402111
1104013
1202032
1009531
1502539
1402934
1402619
1402940
0908582
1502766
1007170
1007117
1102572
1008879
1007242
1303377
1503010
1007144
1006988
1302897
1402621
1503083
1202032
1302761
1009531
0705335
1402934
1402619
1101141
1402940
0908582
1007170
1007117
1102572
1008879
0706415
0908012
1007242
1303377
1007144
1303140
1006988
1202032
1302761
0907791
1009531
0908737
1402934
1006989
1402619
1101141
1402940
0908582
0808284
1007170
0808295
1007117
1102572
1008879
1102267
0908012
1007242
1202032
1302761
0907791
1009531
0705335
0908737
1006989
1101141
0908582
0808284
1007170
0907549
0808295
1007117
1102572
0908979
1008879
0706415
1102267
0908012
1202032
1302761
1009531
1006989
1101141
1007170
1007117
1102572
1008879
1007243
1102267
1007242
1009520
1303377
1007144
1008965
1007244
1303140
1006988
1201260
1202032
0907791
1009531
0908403
0706013
0705335
0908737
1006989
1101141
049715
0608406
0908582
053980
0707072
0907670
0808284
999822
989843
999811
1007170
1202032
0907791
1009531
0908403
0706013
0705335
0908737
1006989
1101141
049715
0608406
0908582
053980
0707072
0907670
0808284
999822
989843
999811
1007170
0907791
1009531
0908403
0706013
0705335
0908737
1006989
1101141
049715
0608406
0908582
053980
0707072
0907670
0808284
999822
989843
999811
1007170
0907549
0907791
1009531
0908403
0706013
0705335
0908737
1006989
1101141
049715
0608406
0908582
056589
053980
0707072
0907670
0604289
0808284
999822
989843
999811
0907791
1009531
0908403
0706013
0705335
0908737
1006989
049715
0608406
0908582
049714
056589
053980
0707072
0907670
0604289
0808284
999822
989843
999811
0907791
1009531
0908403
0706013
0705335
0908737
1006989
049715
0608406
0908582
049714
056589
053980
0707072
0907670
0604289
0808284
999822
989843
999811
0907791
0908403
0706013
0705335
0908737
049715
0608406
0908582
049714
056589
053980
0707072
0907670
0604289
0808284
999822
989843
999811
0608725
0907549
0907791
0908403
0706013
0705335
0908737
0908582
0707072
0907670
0808284
0907549
0708279
0808295
0908730
0908060
0908979
0707189
0808238
0706415
0808050
0907777
1907130
1707144
2002767
1602955
1604668
1906464
1906475
1909116
1706832
1803498
1803025
1604829
1803507
1803170
1402233
1803426
1907153
1909937
1707455
1605161
1907130
1707144
2002767
1602955
1604668
1906464
1906475
1909116
1706832
1803498
1803025
1604829
1803507
1803170
1402233
1803426
1907153
1909937
1707455
1605161
1907130
1707144
1602955
1604668
1906464
1906475
1909116
1706832
1803498
1803025
1604829
1803507
1803170
1402233
1803426
1907153
1707455
1605161
1707803
1502528
1907130
1707144
1602929
1602955
1604668
1906464
1906475
1909116
1706832
1803498
1803025
1604829
1803507
1603101
1402148
1803170
1402233
1803426
1907153
1909937
1707144
1602929
1602955
1604668
1706832
1803498
1803025
1303213
1604829
1803507
1603101
1402148
1803170
1402233
1803426
1707455
1605161
1707803
1502528
1706314
1707144
1101188
1602929
1602955
1604668
1706832
1803498
1803025
1303213
1604829
1803507
1603101
1402148
1803170
1402233
1803426
1707455
1605161
1707803
1502528
1707144
1101188
1602929
1602955
1604668
1706832
1204838
1303213
1604829
1603101
1402148
1402233
1707455
1605161
1707803
1502528
1706314
1103823
1302443
1604867
1707144
1101188
1602929
1602955
1604668
1707625
1706832
1204838
1707311
1604829
1603101
1402148
1402233
1707173
1707455
1605161
1707803
1502528
1706314
1402362
1602929
1602955
1604668
1604829
1603101
1402148
1605161
1604867
1402303
1603200
1604703
1402498
1603353
1603214
1604665
1402698
1603154
1502407
1101188
1602929
1602955
1604668
1204838
1303213
1604829
1603101
1402148
1402233
1605161
1502528
1103823
1402362
1302443
1604867
1402303
1402213
1302669
1502503
1103758
1101188
1007234
1204838
1303213
1402148
1402233
1502528
1103823
1402362
1302443
1402303
1402213
1302669
1502503
1503033
1503085
1402587
1502376
1502692
0909906
1103758
1101188
1007234
1204838
1303213
1402148
1402233
1502528
1103823
1402362
1302443
1402303
1402213
1302669
1502503
1503033
1503085
1402587
1502376
0909906
1103758
1101188
1007234
1204838
1303213
1101179
1402148
1402233
1103823
1402362
1302443
0907902
1402303
1402213
1302669
1402587
1302360
1007161
0908363
0909906
1103758
1101188
1007234
1204838
1303213
1101179
1402148
1007233
1402233
1103823
1402362
1302443
0907902
1402303
1402213
1302669
1402587
0908044
0808201
0909906
1103758
1101188
0907505
0809638
1007234
1204838
1303213
1101179
1007233
1103823
1302443
0907902
1302669
0908044
0910000
0808201
0808880
1006943
1302360
1103758
1101188
1007234
1204838
1303213
1101179
1007233
1103823
1302443
1302669
1006943
1302360
1007161
1007288
1007232
1101568
1101571
1201078
1302904
1007136
0907589
0909906
1103758
1101188
0907505
0809638
1007234
0809606
1204838
1101179
1007233
1103823
0907902
0908423
0908044
0910000
0808201
0808880
1006943
0808239
0907589
0909906
1103758
1101188
0907505
0809638
1007234
0809606
1204838
1101179
1007233
1103823
0907902
0908423
0908044
0910000
0808201
0808880
1006943
0808239
0907589
0909906
0808908
1103758
1101188
0907505
0809638
1007234
0809606
1101179
1007233
1103823
0907902
0908423
0908044
0910000
0808201
0808880
1006943
0808239
0907589
0909906
0808908
1103758
1101188
0907505
0809638
1007234
0809606
1101179
0808115
1007233
1103823
0907902
0908423
0908044
0910000
0808201
0808880
1006943
0907589
0909906
0808908
0907505
0809638
1007234
0809606
0808115
1007233
0907902
0908423
0908044
0910000
0808201
0808880
1006943
0808239
0907509
1007161
0908363
0907589
0909906
0907505
0809638
1007234
0809606
0808115
1007233
0907902
0908423
0908044
0910000
0808201
0808880
1006943
0808239
0907509
1007161
0908363
1007288
0907589
0909906
0808908
0907505
0809638
0809606
0808115
0907902
0908423
0908044
0910000
0808201
0808880
0808239
0907509
0908363
0907650
0907829
0808893
0908113
0907589
0909906
0808908
0907505
0809638
0809606
0808115
0907902
0908423
0908044
0910000
0808201
0808880
0808239
0907509
0908363
0907650
0907829
0808893
0908113
1803364
1706548
1802628
2002221
1910101
1402832
1906802
2002092
1803543
1803213
1910097
1802936
1803229
1707606
1402652
1402857
1502814
1707607
1402281
1706825
1803364
1706548
1802628
2002221
1910101
1402832
1906802
2002092
1803543
1803213
1910097
1802936
1803229
1707606
1402455
1402652
1402857
1502814
1707607
1402281
1803364
1802628
1910101
1402832
1906802
1803543
1803213
1910097
1802936
1803229
1707606
1402455
1402652
1707607
1402281
1706825
1910098
1909941
1906459
1803370
1803364
1706548
1802628
1910101
1402832
1910083
1906802
1803543
1803213
1910097
1802936
1803229
1707606
1402455
1402652
1602548
1707607
1402281
1706825
1910098
1803364
1706548
1802628
1803543
1803213
1802936
1803229
1707606
1402455
1402652
1602548
1402857
1502814
1707607
1402281
1706825
1402786
1803370
1605113
1803211
1803364
1706548
1802628
1402832
1803543
1803213
1802936
1803229
1707606
1402455
1402652
1602548
1402857
1502814
1707607
1402281
1706825
1402786
1803370
1605113
1706548
1402832
1707606
1402455
1402652
1602548
1402857
1502814
1707607
1402281
1503257
1706825
1402786
1605113
1503312
1707773
1402339
1602944
1402246
1706548
1402832
1403005
1402552
1707606
1402455
1402652
1602548
1402857
1707607
1402281
1503257
1706825
1402786
1605113
1503312
1707773
1402339
1602944
1402246
1602548
1605113
1602944
1402832
1403005
1402552
1402455
1402652
1602548
1402857
1502814
1402281
1503257
1402786
1605113
1503312
1402339
1602944
1402246
1402832
1403005
1402552
1402455
1402652
1402857
1502814
1402281
1503257
1402786
1503312
1402339
1402246
1402832
1403005
1402552
1402455
1402652
1402857
1502814
1402281
1503257
1402786
1503312
1402339
1402246
1402832
1403005
1402552
1402455
1402652
1402857
1402281
1402786
1402339
1402246
1402832
1403005
1402552
1402455
1402652
1402857
1402281
1402786
1402339
1402246
2010112
1502986
1707582
1907514
1803385
1503207
1803249
1803579
2002049
1906991
1707538
1706602
1603249
1907357
1603003
1907436
1503187
1803280
1907464
2002772
2010112
1707829
1502986
1707582
1907514
1803385
1503207
1803249
1803579
1602778
2002049
1906991
1707538
1706602
1603249
1907357
1603003
1907436
1503187
1803280
1502986
1707582
1707825
1907514
1803385
1503207
1803579
1602778
1906991
1707538
1706602
1907357
1603003
1907436
1706761
1803280
1907464
1907493
1707322
1603314
1707829
1502986
1707582
1707825
1907514
1803385
1803249
1906957
1803579
1602778
1906991
1707538
1706602
1603249
1907357
1603003
1907436
1706761
1803280
1907464
1707829
1502986
1707582
1707825
1803385
1503207
1803249
1803579
1602778
1707538
1502807
1706602
1603249
1603003
1503187
1706761
1803280
1502203
1707322
1603314
1707829
1502986
1707582
1707825
1803385
1503207
1803249
1803373
1803579
1602778
1707538
1502807
1706602
1603249
1603003
1503187
1706761
1803280
1502203
1707322
1707829
1502986
1707582
1707825
1503207
1602778
1104369
1707538
1502807
1706602
1603249
1603003
1102511
1503187
1706761
1502203
1707322
1202147
1603314
1503142
1707829
1502986
1707582
1707825
1602778
1009611
1104369
1707538
1502807
1706602
1603249
1603003
1102511
1503187
1706761
1502203
1707322
1202147
1603314
1503142
1602778
1502807
1603249
1603003
1603314
1503142
1605240
1502758
1503045
1502986
1503207
1302907
1103422
1602778
1009611
1104369
1302383
1502807
1104062
1603249
1603003
1102511
1608323
1202025
1503187
1502203
1302900
1302220
1202147
1502986
1103410
1007141
1503207
1007055
1302907
1103422
1103330
1009611
1104369
1102630
1302383
1502807
1104062
0907638
1102511
1004664
1202025
1503187
1007303
1502986
1103410
1007141
1503207
1007055
1302907
1102269
1103422
1103330
1009611
1103411
1104369
1102630
1302383
1502807
1104062
0907638
1102511
1004664
1202025
0907830
0706548
1103413
1103410
1007141
1007055
0907848
0908106
1302907
1102269
1103422
1103330
0707761
1009611
1103411
1104369
1102630
1302383
1104062
0907638
0907830
1006987
1009529
1103413
1004665
0808349
1103410
1009614
1009650
1009679
1007141
1007055
0907848
0908106
1302907
1102269
1103422
1103330
1103351
1009611
0907830
0809006
0706548
1006987
1009529
1103413
1004665
0808349
1103410
1009614
0908872
1009650
0908863
1009679
1007141
1009638
1007055
0908106
1302907
1102269
1006987
1103413
1004665
1103410
1007141
1009638
1007055
1008956
1302907
1102269
1004663
1103422
1103330
1008903
1103351
1009611
1103411
1104369
1102630
1302383
0907830
0809006
019861
0706548
999836
039734
1006987
0908864
056932
1103413
0807970
019830
1004665
0808349
029797
1103410
049774
0708457
039772
0908872
0809584
0907830
0809006
0809647
019861
0706548
999836
039734
1006987
0908864
1009529
056932
1103413
0807970
019830
1004665
0808349
029797
0806251
1103410
0809584
0907830
0809006
0809647
019861
0706548
999836
039734
1006987
0908864
1009529
056932
0809004
1103413
0807970
019830
1004665
0808349
029797
0806251
049783
049791
0809584
0907830
0809006
0809647
039773
0706548
999836
039734
1006987
0908864
1009529
056932
0809004
0707091
1103413
0807970
1004665
0808349
049783
049791
0809584
0907830
0809006
0809647
039773
0706548
999836
056321
039734
1006987
0908864
056932
1009529
0809004
0707091
0807970
1004665
0808349
049783
049791
0809584
0907830
0809006
0809647
039773
0706548
999836
056321
039734
1006987
0908864
056932
1009529
0809004
0707091
0807970
1004665
0808349
049783
049791
0809584
0907830
0809006
0809647
039773
0706548
999836
056321
039734
0908864
056932
0809004
0707091
0807970
0808349
009841
0806251
0809579
049783
049791
0809584
0907830
0809006
0809647
0706548
999836
056321
0908864
056932
0809004
0707091
0807970
0808349
0806251
0809579
049774
0708457
049801
1808571
1803568
1502978
1803283
1808725
1802695
2002358
1803124
1906696
2012903
1907294
1603032
1707495
2013112
1707467
1907293
1603111
1906977
1910111
2010457
1808571
1803568
1502978
1803283
1808725
1802695
2002358
1706486
1803124
1604820
1906696
1907294
1603032
1707495
1707496
1707467
1907293
1603111
1906977
1910111
1808571
1803568
1808725
1802695
1706486
1803124
1604820
1906696
1907294
1603032
1707495
1707496
1707467
1907293
1603111
1906977
1910111
1503278
1803293
1802799
1808571
1803568
1803283
1808725
1802695
1706486
1803124
1604820
1906696
1907294
1603032
1707495
1707496
1402458
1707467
1907293
1603111
1906977
1910111
1503278
1808571
1803568
1502978
1803283
1808725
1802695
1706486
1803124
1604820
1303394
1603032
1707495
1707496
1402458
1707467
1202620
1603111
1503278
1803293
1802799
1303013
1808571
1803568
1502978
1803283
1802695
1201635
1706486
1803124
1604820
1303394
1603032
1707495
1707496
1402458
1707467
1202620
1603111
1503278
1803293
1303013
1201677
1502978
1502529
1201635
1706486
1604820
1303394
1603032
1707495
1707496
1402458
1707467
1202620
1603111
1503278
1502367
1707612
1402322
1402775
1303013
1201677
1502978
1502529
1201635
1302861
1706486
1604820
1303394
1603032
1707495
1707496
1402458
1707467
1202620
1603111
1503278
1502367
1707612
1402322
1502529
1604820
1603032
1603111
1502950
1604824
1603017
1503290
1303127
1602771
1602883
1602723
1603272
1503072
1603075
1503206
1603355
1603156
1605335
1605373
1303013
1201677
1502978
1502529
1201635
1302861
1604820
1103040
1303394
1603032
1402458
1202620
1603111
1503278
1502367
1605276
1402322
1402775
1502950
1604824
1007174
1303013
1201677
1502978
1502529
1201635
1302861
1103040
1303394
1402458
1007060
1202620
1503278
1502367
1402322
1402775
1502950
1201494
1101641
1503090
1007174
1303013
1201677
1502978
1502529
1201635
1302861
1103040
1303394
1402458
1007060
1202620
1503278
1502367
1402322
1402775
1502950
1201494
1101641
1503090
1103061
0908726
1007174
1303013
1201677
0808712
0805834
1201635
1302861
1007172
1103040
1303394
1402458
1007060
1202620
1402322
1402775
0908490
1102496
1201494
1103061
0908726
1007174
1303013
1201677
0808712
0805834
1201635
1302861
1007172
1103040
1303394
1402458
1007060
1202620
0809224
1005093
1402322
1402775
0908490
1103061
0908726
1007174
1303013
1201677
0808712
0805834
1201635
1302861
1007172
1103040
1303394
1007060
1202620
0809224
0803571
1005093
0908490
1102496
1201494
1103061
1007174
1303013
1201677
1201635
1302861
1007172
1103040
1303394
1007060
1202620
1005093
1102496
1201494
1101641
1201200
1201591
1004723
1302763
1302671
1103061
0908726
1007174
0908038
1201677
0808712
0805834
1201635
0604736
0909904
1007172
1103040
0907713
1007060
1202620
0808075
999894
0908158
0809224
0803571
1103061
0908726
1007174
0908038
1201677
0808712
0805834
1201635
0604736
0808256
0909904
1007172
1103040
0907713
1007060
1202620
0808075
999894
0908158
0809224
